1 7 2
5 7 8 9 1 4 8 7 6 9
3 9 8 7
50
100
F M 4 1 443 1 10
F P 7 2 755 3 5
F P 9 3 1054 8 2
F E 13 4 547 8 7
F E 13 5 27 4 3
F E 14 6 209 9 6
X 14 1
F M 15 7 924 9 10
F P 18 8 1288 6 5
F P 18 9 287 4 4
F M 20 10 144 4 9
F M 22 11 807 8 8
F M 23 12 534 10 9
F P 24 13 1171 3 9
F P 26 14 547 5 9
F M 26 15 1171 10 1
P 26 12
F M 26 16 14 4 9
F P 27 17 1093 5 7
F M 30 18 989 2 9
F M 31 19 339 4 8
F M 31 20 1067 10 2
F M 31 21 508 9 5
F P 34 22 79 4 7
F P 36 23 313 3 1
P 38 20
F P 39 24 950 8 3
F E 43 25 794 7 6
F E 45 26 963 2 3
F M 47 27 534 5 7
F P 47 28 1184 8 8
F M 51 29 690 4 6
X 51 21
F P 51 30 755 2 9
F P 53 31 79 1 4
F E 53 32 1184 3 6
F P 55 33 313 8 9
F E 59 34 534 3 1
F E 60 35 963 1 7
F P 62 36 1288 9 5
F E 63 37 690 10 9
F M 63 38 1145 8 8
F P 67 39 625 4 8
F P 67 40 222 4 5
X 67 38
F P 67 41 456 2 1
F M 67 42 729 9 4
F P 67 43 573 10 10
F P 71 44 1106 4 4
F P 75 45 183 4 9
F P 77 46 235 1 7
F E 81 47 1158 9 10
F M 84 48 287 9 3
F M 87 49 1171 8 9
F E 87 50 1145 7 2
X 88 48
F P 88 51 937 6 9
F M 91 52 1119 6 4
F E 93 53 573 7 2
F E 94 54 664 2 10
F M 97 55 1197 10 6
F P 97 56 131 4 10
X 100 55
F M 101 57 14 10 6
F P 101 58 1106 3 6
F E 102 59 222 8 3
F P 105 60 703 2 10
F E 106 61 885 3 6
F M 107 62 638 2 3
F M 110 63 235 4 10
P 111 62
F P 113 64 1249 8 10
F M 114 65 859 10 4
F E 118 66 209 7 6
F E 122 67 716 5 5
F P 122 68 924 7 4
F P 124 69 1106 4 3
F P 125 70 586 4 7
F P 127 71 599 3 2
F M 131 72 287 10 2
F M 133 73 950 7 5
F M 137 74 508 4 5
F M 137 75 586 10 7
P 139 74
F P 140 76 287 9 9
F E 140 77 755 2 3
F P 143 78 183 5 5
F M 146 79 937 10 4
F E 150 80 1262 9 8
F E 153 81 820 9 3
F E 153 82 1041 4 8
F P 157 83 352 6 4
F P 158 84 937 2 2
F P 159 85 66 4 6
F P 163 86 547 3 7
F M 163 87 1132 1 4
X 165 79
F E 166 88 911 6 4
F P 169 89 1249 8 6
F M 171 90 1223 6 5
