CD	ID	FD	WD	ED
8	1	2	0	6
15	3	5	0	10
17	2	5	3	9
23	4	6	0	17
24	10	23	0	1
24	6	20	0	4
28	9	23	1	4
34	5	18	0	16
40	13	25	11	4
45	7	22	2	21
53	14	40	0	13
59	15	45	8	6
101	21	100	0	1
103	8	23	20	60
105	18	100	1	4
115	19	100	5	10
117	11	23	30	64
126	17	100	3	23
135	20	100	17	18
229	16	100	25	104
....................................................
....................................................
Missions: 20 [M: 4, P: 4, E: 12]
Rovers: 3[M: 1, P: 2, E: 0]
Avg Wait= 6.3, Avg Exec = 19.75
Auto-Promoted: 33.3333%
