CD	ID	FD	WD	ED
19	3	5	0	14
27	2	5	14	8
28	10	23	4	1
40	13	25	11	4
47	9	23	17	7
60	5	18	29	13
75	15	45	23	7
127	8	23	52	52
128	21	100	27	1
141	18	100	36	5
160	17	100	41	19
182	19	100	60	22
217	20	100	90	27
513	16	100	117	296
932	11	607	102	223
1005	6	20	970	15
1137	14	40	1031	66
1275	7	1034	167	74
1387	4	1295	28	64
....................................................
....................................................
Missions: 19 [M: 0, P: 4, E: 15]
Rovers: 1[M: 0, P: 1, E: 0]
Avg Wait= 148.368, Avg Exec = 48.3158
Auto-Promoted: 100%
